===== Group 5-fold CV (by file) =====
Mean acc: 0.9053  Std: 0.0115

Fold accuracies:
[0.8876451077943616, 0.9008710078805475, 0.9228535877229366, 0.9098055440628878, 0.9053941908713693]

Classification report (aggregated across folds):
              precision    recall  f1-score   support

           0     0.8866    0.9026    0.8945      1109
           1     0.8981    0.8973    0.8977      1081
           2     0.9677    0.9836    0.9756       975
           3     0.9052    0.9712    0.9370       728
           4     0.9766    0.9867    0.9816       676
           5     0.9707    0.9856    0.9781      1110
           6     0.7556    0.7469    0.7512      1122
           7     0.9250    0.8563    0.8893      1051
           8     0.9042    0.9440    0.9237      1090
           9     0.7576    0.7783    0.7678      1024
          10     0.9795    0.9341    0.9563      2095

    accuracy                         0.9053     12061
   macro avg     0.9024    0.9079    0.9048     12061
weighted avg     0.9060    0.9053    0.9053     12061

